802676668879339560
725758578929172502
855985540502519809
661924546236121088
1025698115157766174
1243510770273357936
1057622669035569203
729674455852253244
1142754004892393522
1174161278718201939
855233528417746954
516584006754631683
794988175939731516
1144783299978477579
1011429257160949861
1210738783625154641
991119076434907166
1113088319761436743
1042416008268353656
1068942786101002260
769252632065605662
428307642172047360
981792612451229756
1170644573870108735
992881480680357889
1075774341897277440
1075581328206090282
1064523730300186634
685298007331176466
1069952448707428352
751452350170005504
1142216624154361987
1058240656360886353
777662995417137153
755506382287142933
1044556343660511232
1089845364581990460
1014933852394901525
979458990687809567
587913078918873099
979611917977026640
383891015230160907
1195494661138169899
926315446255386624
