837690753890385941
1120598908087828510
760300152925061171
1018661563504263219
1172809430975381577
1241020400142516234
1235296239377977415
1204194272765546548
1132342041033068615
1114584687524978740
1178878436626931783
509688568235425802
1208765717403541535
1250673735179046942
1245459713450311703
1250674042550353925
1209715086906892388
1250673765474504744
1118322627036074014
855743638742237254
1073350836299767828
1246302923554689117
1038146317014286467
1161438883326734426
1195921683199037593
957749295635914842
863902400330072094
1213968499957825556
623507560711979018
1235045787986038894
752241728001671189
1242242659259646024
1243912189979529268
1231959201178456205
1243569117236297752
1186656764666597419
1205069192613593098
787175063420928011
1249413914484277370
1224369352141443072
1250674018978238514
1242233548254220421
1131578362146603129
909112140508581979
940280680330461224
1162766128184053800
766720893299851334
1205994121609875509
874056801719570433
1238201955009171558
1250674191406202913
1032339571372986509
611294872745279538
839615268190945340
1177924866213687306
1222235232141447208
810188587710021632
1135125472129335326
1010394413027045456
1079759316946522163
1074653668625891418
1149116976661282967
